8928051
8659205
8629009
8603846
8623603
8664983
8672699
8628353
8655670
8665094
8627363
8642303
8677718
8650785
8639874
8666911
8636178
8621073
8652675
8632725
8628033
8690145
8670724
8621494
8658768
8621660
8666759
8668665
8622518
8634287
8640024
8643760
8632602
8604126
8650318
8618348
8626211
8642890
8582907
8621564
8667535
8664366
8674095
8636787
8641967
8641683
8665927
8630388
8599247
8656202
8646663
8629336
8669678
8599049
8658560
8673199
8651408
8667679
8637905
8639535
8631963
8643221
8662980
8649989
8646512
8646413
8602607
8631048
8613127
8605432
8653396
8640311
8648388
8665980
8683544
8633508
8620532
8679926
8610249
8645252
8642843
8620941
8657844
8620832
8633110
8652631
8651863
8610207
8624431
8655787
8633729
8634789
8607103
8628115
8595001
8675452
8631817
8648142
8593759
8645324
8618614
