9829858
8552466
8516453
8533984
8480473
8570255
8500668
8562249
8532560
8451754
8522906
8568734
8516840
8536491
8529291
8530789
8552136
8533451
8598245
8507588
8487839
8488473
8501418
8535337
8504234
8541121
8530471
8541857
8638428
8548027
8524694
8528830
8513559
8529319
8539519
8585771
8551240
8571259
8531271
8524934
8546752
8487725
8557535
8570596
8583642
8508945
8549360
8501064
8504542
8513336
8543211
8552529
8566357
8510198
8547445
8490300
8533238
8535790
8499813
8519009
8544160
8543081
8518920
8519126
8551356
8566540
8482280
8525117
8521898
8531462
8512863
8527934
8515737
8571125
8531346
8540889
8524094
8516209
8543104
8541502
8591162
8558782
8553036
8605703
8489215
8555044
8572955
8565324
8533949
8539981
8469647
8529612
8552027
8484497
8528816
8544260
8543956
8550554
8496155
8540069
8513014
