10682604
11004296
10984244
10935849
10927398
10996198
10966958
10917108
10947736
10982814
10994639
10918475
10947472
10998312
10879633
10939710
10997102
10953209
10958839
10961857
10928755
10939806
10975233
10893443
10916313
10942507
10936475
10930009
10938226
10902435
10946526
11042056
10998640
10945786
10908526
10967639
10913231
10891537
10937090
10925113
10929023
10904063
10994741
10979624
10956464
10954166
10948003
10957395
10935104
10907386
10954100
10886498
10942272
10924970
10935770
10957563
10950123
10965995
11002823
10972129
10947379
10988495
10950145
10957045
10929805
10951028
10970371
10948932
10957010
10923504
10927786
10897044
11003053
10935590
10960881
10945681
10929514
10886509
10957975
10943605
10912822
10951871
10972134
10970411
10943617
10927163
10974135
10918642
10935114
10936973
10942623
10970497
10952334
10923021
10943877
10950625
10921503
10909864
10963279
11060512
10944322
