6425931
7419256
7419636
7435105
7395674
7457658
7443490
7458366
7407958
7410936
7426655
7451927
7423483
7411539
7423585
7455304
7434025
7402875
7416647
7415940
7409443
7416099
7433031
7425955
7428466
7452767
7448924
7441598
7435933
7423591
7434285
7413034
7433377
7382665
7442347
7404902
7441855
7433014
7429259
7458909
7419412
7420148
7422147
7435754
7419698
7424770
7421491
7438200
7445220
7439957
7403781
7433066
7426272
7421635
7423585
7422642
7434415
7421516
7443518
7436833
7432742
7443778
7440154
7439534
7465806
7445994
7457440
7410848
7417731
7453172
7447254
7430504
7436776
7426289
7430772
7435359
7432472
7447582
7425721
7437057
7416279
7418963
7426693
7430230
7447625
7422818
7398283
7435217
7433766
7431700
7410075
7428646
7420875
7434863
7424784
7441186
7426167
7454815
7456829
7460001
7420919
