12212367
7022267
6976093
7004252
6992211
7068703
6993297
7011465
7028542
7041816
7055684
6987139
7028930
7026727
6963945
7040391
6982745
7057945
7068742
7010695
6990138
7010566
7027790
6994099
7011008
6980889
7056885
7028228
7063011
7023344
7035650
7057645
6982155
7038643
7016025
7049498
7074258
7060054
7043137
6984823
7003319
7057096
7055548
7019533
7082706
6988636
7065147
7016681
7014517
7050266
7098117
7034481
7041073
7052385
7084873
7042051
7050218
7042682
7047160
7080581
6968141
7047520
7012168
6977964
7003545
7027418
7000504
7016544
6998090
6979308
7035509
7042840
7058364
6973321
7082763
7040599
7097438
6956536
6982213
7023160
7044355
7053408
7010761
6979991
6998167
7078549
7040637
7073774
7061267
7065599
7028282
6978420
7064353
6998448
7003812
7006325
7022310
7002847
7004170
7056438
7026112
