11149065
10139821
10098231
10197504
10115434
10113808
10133366
10154747
10106906
10213146
10147112
10160679
10117299
10145855
10109719
10156603
10138192
10145027
10115783
10114578
10127392
10144198
10111155
10192582
10157840
10126109
10132267
10157949
10147187
10139280
10171955
10180835
10111859
10141294
10121209
10149643
10060800
10181040
10104390
10131887
10107401
10113436
10125100
10136359
10177484
10187263
10099197
10098700
10187994
10186266
10113246
10134852
10121172
10160890
10177092
10130601
10198217
10158616
10131039
10122426
10139571
10122654
10216849
10135729
10137500
10207079
10122269
10180242
10172750
10143503
10134468
10206226
10183362
10100625
10132478
10130302
10161431
10139550
10188648
10146848
10123222
10119498
10167825
10098354
10117788
10152307
10176137
10163236
10116979
10151884
10168287
10132016
10168089
10136488
10085582
10194401
10154978
10143876
10151716
10077236
10131390
