10461595
7293566
7240804
7211053
7281574
7182241
7255201
7240992
7308297
7275593
7298239
7277616
7244745
7338592
7236713
7303614
7238794
7289551
7219002
7265745
7223600
7215386
7218013
7236451
7256834
7304515
7254000
7239390
7268841
7289319
7271350
7311367
7284981
7245121
7269160
7286278
7221459
7248444
7211571
7257706
7288383
7278404
7246519
7285507
7250174
7227738
7265921
7230241
7281965
7242685
7280236
7281785
7261352
7253586
7297755
7331043
7231729
7277358
7301388
7216697
7251274
7260043
7196074
7273656
7221409
7257892
7275618
7305272
7282107
7282260
7225843
7290285
7236160
7249824
7279499
7283841
7230193
7289374
7279404
7247360
7270450
7260971
7237874
7294962
7272671
7204590
7255237
7312223
7270092
7262485
7298650
7247721
7292270
7274354
7275292
7244630
7288746
7314835
7194029
7320955
7230165
