982729
785158
775887
780378
779283
780071
780430
783374
783311
779020
781593
781369
783033
785234
782465
782429
786222
783648
780701
785108
781163
779089
784137
781925
781361
786780
785056
780738
780528
783562
781894
780412
777969
780052
780376
783068
784631
782406
782418
778445
779737
778154
780524
784259
780664
779088
782806
780756
788168
782182
781981
780070
779875
782030
787408
777460
777815
778180
782299
779578
787774
786314
781515
779652
778308
778642
781203
775257
779816
780130
786315
777192
781900
777614
779541
783027
781900
781619
779089
781922
782834
782780
780571
782699
781079
779875
774644
780656
786476
783409
783236
781531
782966
779970
775477
784064
783241
782350
778704
780925
779229
