4727966
3075885
3087137
3079109
3061333
3085349
3094076
3076646
3074398
3085431
3065612
3084328
3102066
3045426
3058438
3048734
3056390
3071033
3073033
3071179
3058613
3051928
3089279
3062417
3051094
3077852
3043424
3094555
3095003
3067713
3105152
3080746
3087633
3090039
3076590
3090022
3069483
3073224
3073953
3071660
3063095
3070312
3048872
3097554
3080186
3066702
3074694
3068825
3078438
3057639
3068685
3053526
3075856
3066331
3064070
3089325
3055837
3081492
3114600
3088529
3070154
3066390
3047448
3086270
3074841
3074869
3093823
3101704
3060516
3102321
3082033
3072270
3098640
3077830
3093117
3076977
3080999
3107135
3052873
3068894
3062327
3053274
3091998
3062601
3061709
3077140
3059577
3072683
3087700
3050344
3070819
3082754
3059907
3086430
3067356
3091159
3043180
3088407
3091719
3064240
3094675
