6998098
8469248
8513297
8495975
8471415
8463187
8491092
8488957
8506528
8455319
8491854
8469401
8471641
8502706
8468682
8477074
8476951
8501528
8469055
8499587
8457822
8488248
8485895
8464583
8479157
8445382
8472019
8475693
8470767
8479550
8470933
8460810
8494774
8463518
8464390
8465288
8461182
8465450
8450045
8462890
8442655
8452808
8487283
8457895
8493942
8444012
8464868
8504341
8463129
8474017
8483522
8459621
8442722
8492210
8484662
8508409
8476736
8465314
8476403
8501613
8465463
8509660
8464714
8479532
8479699
8467019
8486393
8490507
8466853
8482967
8445590
8441876
8433793
8436827
8470480
8493452
8493107
8456114
8455298
8499614
8484360
8437954
8495895
8468516
8447939
8459474
8467645
8495994
8504818
8466494
8492135
8463964
8471407
8494724
8495531
8476106
8451872
8472503
8493877
8476977
8500286
