14876936
9872087
9927742
9868459
9919330
9894422
9807521
9908634
9905651
9898629
9856409
9857239
9904607
9902814
9890753
9838245
9908687
9859424
9860470
10000586
9920504
9922325
9802042
9831099
9925233
9843638
9817574
9810307
9859069
9828514
9873525
9828101
9953898
9836938
9894814
9825568
9948117
9919512
9833962
9897959
9905462
9969153
9854749
9877353
9908415
9879485
9920829
9834976
9778232
9751100
9811351
9958563
9863960
9808371
9869868
9886388
9959291
9887716
9822310
9813349
9885289
9868189
9819013
9859324
9911411
9869925
9892770
9885755
9823186
9859519
9874966
9895240
9861615
9735471
9865827
9937379
9871956
9851675
9829520
9892223
9817640
9870974
9875629
9832657
9904698
9909520
9883409
9913103
9829819
9774124
9807515
9840456
9936103
9777485
9852866
9857684
9960247
9885969
9868989
9879201
9824612
