15123831
13579271
13657369
13618115
13687365
13626348
13612746
13657819
13597663
13614093
13551433
13767921
13612566
13646034
13587584
13671066
13689179
13644378
13594118
13644711
13625743
13580330
13653904
13652576
13604822
13583425
13560393
13640002
13603379
13661725
13628808
13718080
13696904
13585602
13606531
13724960
13620098
13639384
13671182
13592993
13589151
13617040
13623814
13638147
13600194
13605796
13575690
13576924
13695304
13699486
13582000
13571097
13669514
13627333
13636729
13667559
13634945
13616256
13650636
13615457
13605547
13638067
13631072
13610687
13659570
13633324
13622089
13646228
13567410
13611268
13589772
13590208
13645986
13672576
13640777
13640850
13643879
13656643
13655363
13571268
13711551
13670038
13552736
13594735
13677798
13631308
13626183
13607605
13637518
13623814
13586960
13708637
13656020
13660251
13626292
13625976
13677650
13636955
13606502
13623532
13618111
