6398650
8748433
8758193
8733080
8766402
8770556
8761189
8768631
8771897
8754413
8717848
8766446
8757604
8737435
8744225
8741067
8732902
8742161
8760301
8774689
8752891
8757768
8750618
8750339
8712597
8746922
8750910
8756319
8743278
8731965
8752155
8748800
8762507
8749819
8775340
8757208
8738684
8755703
8770701
8747328
8752752
8774730
8760789
8759823
8747766
8776304
8748621
8723636
8761179
8762401
8757837
8758786
8754747
8755368
8763036
8745890
8732556
8769650
8774816
8745291
8763484
8746124
8736355
8784085
8744332
8748116
8737248
8752251
8718026
8756862
8747724
8762408
8740931
8730370
8714548
8748505
8755689
8754696
8751050
8777682
8760355
8746390
8725754
8740387
8756083
8739311
8755373
8793441
8750577
8756217
8753036
8755459
8753839
8738963
8744675
8743243
8752125
8731603
8756997
8741386
8759698
