8073264
9394697
9381710
9351342
9371372
9388664
9370594
9357147
9405595
9388774
9379192
9388618
9411167
9373608
9357610
9363771
9359646
9388089
9393108
9421794
9377446
9362397
9394559
9382195
9373764
9381371
9398873
9381741
9369492
9377367
9391069
9372046
9360812
9385298
9369927
9357542
9357780
9397480
9379076
9363825
9382316
9382625
9371505
9376823
9406971
9376173
9382814
9371929
9381251
9421917
9377058
9393374
9375284
9400709
9371973
9398416
9373104
9365371
9397731
9354178
9378063
9390420
9374298
9378093
9400323
9357498
9391569
9378494
9368827
9400770
9369953
9376203
9411047
9358460
9352921
9377220
9372940
9389182
9393635
9419833
9363577
9373829
9372190
9375290
9333380
9377326
9386775
9356735
9367757
9373449
9420284
9385877
9373868
9366863
9378635
9349378
9386460
9356596
9373829
9387247
9364549
