4682530
4261989
4282083
4270250
4271026
4254213
4268041
4261434
4237063
4265629
4291607
4281323
4260552
4298827
4248924
4247492
4257626
4267904
4263162
4295810
4267224
4250353
4291424
4239691
4265759
4254035
4269109
4264512
4276135
4271836
4270972
4264088
4264470
4250672
4275703
4240661
4252463
4275233
4273688
4291437
4274211
4269943
4259829
4288772
4256284
4245293
4277512
4278106
4274086
4276422
4277841
4261729
4244505
4262633
4262810
4270025
4274875
4251237
4263364
4279045
4257066
4263513
4276379
4274599
4275984
4251896
4267167
4277082
4280565
4279667
4281033
4262435
4263447
4249423
4266812
4265919
4275045
4277452
4284006
4253592
4270993
4253075
4273587
4283022
4260080
4261520
4271601
4263050
4256315
4275069
4237651
4256096
4264066
4255281
4272476
4264375
4284804
4274982
4252538
4257840
4251252
