3265982
2482987
2457376
2477574
2461347
2466774
2465361
2461629
2482446
2466604
2480715
2463372
2459516
2455674
2473642
2453985
2465597
2474356
2481181
2477827
2472123
2474137
2457240
2483404
2470918
2465618
2478071
2456377
2472396
2462046
2471714
2491340
2460656
2476816
2462695
2490412
2474149
2478355
2463230
2489028
2464810
2473676
2458212
2459003
2462590
2470104
2467764
2459108
2461073
2470845
2468261
2479942
2468280
2459323
2475744
2497320
2476318
2476574
2475212
2469727
2467221
2455158
2477108
2462684
2470688
2464777
2450533
2479284
2465222
2478539
2477232
2469359
2483778
2469422
2459364
2465502
2480271
2460242
2481284
2457754
2469175
2451759
2464167
2457829
2472410
2464847
2479336
2465652
2470427
2484030
2472447
2473444
2466438
2483356
2466398
2476701
2468341
2478242
2476073
2460550
2462132
