7143468
6549845
6556188
6560848
6574504
6611713
6578373
6582302
6580822
6621830
6574201
6621582
6559669
6597387
6592487
6539104
6558764
6589627
6523766
6591765
6587577
6602541
6567884
6560650
6587797
6575835
6586018
6598039
6586396
6569530
6602558
6571422
6567038
6567066
6600374
6575365
6555499
6561063
6606556
6591730
6572628
6592159
6568130
6569001
6604566
6568630
6591782
6541515
6587754
6562657
6599234
6560934
6571517
6588900
6578136
6579307
6574581
6571927
6559698
6610763
6551883
6560732
6585191
6562694
6551318
6627127
6564464
6571546
6572383
6555900
6593654
6591778
6566411
6603872
6591909
6562950
6565817
6537100
6592503
6568508
6543838
6595650
6602507
6573201
6571757
6563346
6593319
6577420
6574151
6602187
6545597
6574145
6571924
6593769
6576222
6562903
6583438
6569675
6542960
6569085
6563625
