3559859
2953620
2959533
2965367
2946103
2964899
2965552
2926594
2964525
2953337
2953617
2958918
2957792
2962859
2947349
2964170
2961301
2973008
2947861
2954581
2959743
2968440
2959307
2953191
2956163
2940028
2967559
2989669
2955395
2957720
2972939
2953148
2955141
2967745
2956991
2951591
2957379
2958420
2939856
2945498
2956072
2966853
2959729
2969484
2949770
2948694
2968756
2954258
2967308
2948948
2949869
2957832
2959350
2936226
2957616
2955392
2953003
2959568
2981076
2920992
2944367
2970033
2953659
2956920
2963863
2941178
2968690
2962058
2944049
2941579
2950544
2939843
2945415
2975389
2949372
2960282
2938061
2943852
2952116
2968786
2952625
2956228
2967069
2969959
2977311
2966341
2937693
2961763
2948766
2943553
2942317
2967147
2959076
2947869
2950163
2951933
2950919
2958544
2958666
2949478
2938008
