11047168
8934613
8956761
8911088
8953021
8933320
8917247
8923921
8921454
8985699
8957704
8919117
8945702
8916863
8937693
8922086
8930920
8911720
8920729
8945556
8897879
8889139
8945814
8893876
8913249
8967167
8960209
8957621
8911310
8867370
8936099
8929919
8907398
8919284
8906055
8921141
8926449
8903582
8887262
8942530
8899752
8854647
8935279
8912313
8909708
8861745
8899069
8968965
8930264
8974576
8953180
8939580
8923359
8977090
8937192
8928086
8927287
8919968
8939507
8909695
8872799
9000175
8909422
8917683
8925955
8898320
8916841
8957041
8921903
8916295
8935402
8992122
8932483
8946933
8934018
8997881
8874373
8961496
8910355
8888713
8908462
8940046
8986722
8965554
8987666
8982790
8935317
8965952
8915288
8935001
8964665
8877911
8931305
8940074
8948144
8965158
8956059
8928595
8980421
9028849
8960621
