2785008
3049478
3043421
3042716
3045681
3041539
3044693
3057324
3044518
3051820
3041332
3047282
3039165
3041426
3034629
3051889
3055098
3040096
3050002
3051805
3042633
3043197
3044293
3030121
3049283
3040958
3035591
3042293
3045840
3025042
3048568
3054519
3049309
3052182
3041389
3034367
3044579
3037854
3031295
3050252
3059544
3041218
3058020
3056382
3047219
3036822
3039547
3048213
3050142
3034921
3049352
3040165
3053654
3057208
3047907
3047546
3060697
3044514
3036522
3041948
3054349
3047890
3055819
3044924
3050434
3022610
3036403
3043467
3049271
3034524
3054047
3043568
3059840
3059749
3039776
3040198
3044445
3045049
3045633
3043575
3048569
3055136
3036717
3050401
3044149
3047541
3046995
3038130
3039612
3044490
3048276
3037036
3042030
3039614
3042751
3033336
3039871
3051718
3052073
3054175
3041271
