10669184
12529748
12587414
12514587
12534519
12525276
12557441
12483170
12534926
12494722
12558237
12572118
12532550
12489253
12554413
12522855
12529076
12619111
12534686
12501271
12554661
12486474
12539673
12554711
12554195
12534182
12527088
12463039
12533565
12569663
12545138
12510724
12523333
12522860
12527727
12506967
12538472
12536806
12550054
12555212
12553144
12513588
12501090
12528331
12579439
12520259
12523086
12593350
12570332
12572691
12494549
12506287
12590970
12523420
12536559
12527466
12530319
12531149
12543340
12528460
12565399
12543666
12512931
12521598
12579596
12566995
12593568
12569343
12542652
12538666
12546819
12532687
12562508
12511604
12574864
12524351
12536637
12545575
12580668
12569364
12586279
12541383
12545327
12555729
12565689
12554006
12509851
12535276
12566624
12551950
12518786
12531454
12463913
12509478
12514823
12500607
12510800
12543260
12488346
12526977
12507876
