8115597
7381476
7397160
7391370
7369732
7422624
7397759
7356785
7399569
7379673
7382024
7375293
7368140
7458768
7383124
7382473
7369683
7423497
7384611
7361072
7385079
7354528
7392816
7411810
7322162
7371679
7386215
7390867
7362678
7353433
7334660
7394595
7428065
7372203
7399031
7368513
7365066
7386211
7375945
7399182
7394826
7360469
7371796
7392398
7396275
7353539
7419176
7442443
7386238
7414978
7396492
7380678
7416950
7334678
7409145
7389913
7396543
7371594
7368039
7396674
7338328
7444926
7471844
7416181
7356088
7352627
7352173
7372083
7346557
7383968
7425317
7372908
7442745
7411388
7394391
7403777
7377393
7409167
7379568
7401631
7427819
7378195
7396390
7410007
7409684
7403124
7396111
7406816
7408168
7409592
7394932
7349760
7359337
7387186
7357471
7361499
7407206
7381364
7416405
7351813
7405302
