3282617
2063894
2057327
2076977
2042717
2078787
2045298
2072164
2074941
2068289
2057709
2067691
2068568
2054491
2071426
2064132
2050734
2072625
2055983
2047265
2058585
2050241
2054983
2057120
2057981
2062754
2072350
2052789
2051225
2076832
2060041
2068527
2064793
2059620
2067515
2078777
2063525
2056941
2073992
2065177
2057248
2069986
2064326
2056911
2057486
2062678
2063707
2069154
2066626
2067105
2064163
2085536
2059301
2067865
2067373
2065338
2057518
2059880
2035811
2070941
2059530
2059518
2071327
2060068
2061902
2043720
2072577
2064705
2064651
2055608
2060891
2067060
2063132
2068748
2075345
2066905
2072994
2070564
2078004
2061633
2084561
2053867
2057196
2087887
2063453
2058780
2061646
2068467
2067605
2064832
2074499
2062464
2063226
2056056
2059748
2060598
2075367
2040986
2069460
2067831
2054124
