9760878
10417079
10393587
10378902
10378807
10421956
10349753
10343015
10385354
10386328
10438552
10393869
10378699
10362386
10380387
10393569
10416648
10394856
10390560
10411327
10423853
10386285
10356019
10412381
10395116
10371704
10448413
10365966
10397540
10436422
10361030
10366308
10359704
10371831
10348145
10404119
10379570
10382464
10406416
10350334
10395177
10350968
10384344
10370246
10379002
10373064
10413696
10337724
10342947
10460757
10394521
10393450
10354678
10394024
10361270
10395040
10354460
10416190
10379413
10382729
10384584
10412738
10373199
10389857
10389188
10374771
10396748
10396124
10423267
10355711
10413324
10408374
10403293
10450853
10430693
10363994
10371494
10384495
10388681
10399250
10398037
10369674
10415195
10403234
10379572
10408654
10357224
10414574
10366320
10400065
10377153
10386094
10381649
10413225
10389545
10428945
10419419
10439719
10386794
10374582
10377801
