6015353
5442617
5444303
5428084
5461495
5470034
5409258
5438186
5475416
5424692
5432051
5433562
5456565
5431353
5431113
5477491
5440728
5420724
5430054
5411774
5427120
5436488
5398193
5436848
5416504
5419327
5450611
5455521
5436563
5441512
5438368
5408697
5428917
5452112
5475259
5412413
5442130
5461415
5428349
5474129
5450475
5448946
5441718
5426288
5444773
5442128
5413758
5427019
5456363
5447504
5466477
5437261
5444858
5430486
5439514
5462048
5455153
5456633
5439594
5409221
5456270
5454461
5452580
5438769
5425063
5464622
5413261
5440858
5405444
5441112
5443943
5444009
5418630
5488291
5469175
5436140
5443061
5434746
5431852
5435857
5431430
5441613
5436986
5446515
5456248
5446581
5477534
5426580
5426515
5462109
5421304
5428018
5430185
5466621
5455567
5437556
5475707
5432882
5437611
5432413
5454413
