8309271
11307049
11318425
11263247
11252550
11281278
11278413
11268354
11266424
11309661
11274254
11287735
11292671
11256676
11291631
11294632
11275260
11263645
11244223
11287666
11293230
11271067
11280787
11274931
11274358
11298892
11326271
11275793
11281328
11284632
11319187
11274029
11221801
11267960
11305886
11297744
11304982
11297786
11327260
11273594
11252240
11241558
11311169
11256611
11278519
11263285
11291125
11300253
11262382
11281429
11287407
11265453
11301592
11249697
11263786
11266032
11284481
11270629
11298110
11289982
11253990
11286634
11300959
11280788
11308616
11250820
11287115
11290308
11281449
11306164
11278117
11299786
11257375
11251888
11305314
11277676
11268204
11274501
11276544
11295572
11264006
11307999
11278260
11273104
11288833
11270137
11287293
11277234
11292010
11269373
11265205
11303813
11311452
11293594
11249407
11306454
11267069
11281208
11333608
11284802
11295344
