10833012
7397898
7412971
7379116
7391559
7417267
7371040
7452989
7394134
7346545
7404243
7425326
7368547
7403912
7323055
7366152
7396267
7383506
7334291
7362125
7333202
7385970
7338456
7374716
7326318
7394197
7355998
7353888
7328048
7363991
7441837
7430100
7437775
7450184
7366331
7431420
7459770
7320665
7402222
7353368
7361557
7389765
7367746
7352537
7449641
7354718
7370292
7386806
7360894
7395880
7409203
7377977
7332963
7327426
7381575
7359623
7371580
7345476
7398201
7360784
7366382
7399868
7414559
7355044
7425835
7383790
7327554
7399822
7357512
7386043
7395008
7446220
7385635
7424548
7419751
7350969
7413908
7376602
7367766
7431450
7389986
7417301
7333581
7420567
7338789
7465754
7341290
7405187
7401966
7356129
7371592
7404182
7405869
7387652
7396666
7452880
7441303
7395048
7404008
7332057
7371959
