4559294
2567641
2582912
2579417
2589469
2601953
2562278
2589447
2566833
2555633
2595195
2577044
2567979
2616398
2559000
2561319
2593989
2561606
2577320
2572410
2540603
2551678
2582135
2584661
2557322
2565157
2557954
2557712
2590814
2582118
2581148
2573971
2614966
2576342
2569464
2545193
2581987
2597832
2576245
2585277
2583937
2565340
2579752
2590478
2569529
2584201
2584314
2582676
2568175
2553503
2575363
2578834
2559531
2569766
2582352
2549172
2561523
2582130
2556806
2580024
2574587
2551219
2557040
2574971
2557068
2586900
2580271
2586105
2587059
2593232
2582764
2580439
2576215
2570785
2564744
2593144
2585258
2594060
2551876
2578166
2592602
2578838
2586172
2580918
2570676
2592758
2569320
2558949
2574427
2572761
2542768
2586732
2560737
2587012
2574524
2573125
2580906
2556821
2585537
2571045
2583400
