4479865
4483378
4464274
4486155
4482808
4480122
4486347
4499232
4508157
4506073
4492603
4494806
4489314
4501760
4490226
4502073
4491194
4494508
4493063
4492339
4496112
4486289
4507879
4488435
4499509
4492509
4470289
4488705
4497599
4479399
4502076
4477975
4492742
4505752
4511666
4469943
4481789
4506304
4494092
4499823
4489523
4472320
4505445
4518375
4500940
4496754
4492214
4482878
4515411
4502420
4483546
4494816
4497423
4488535
4523721
4489742
4494543
4497669
4505322
4490614
4478285
4481021
4489188
4468990
4494258
4494465
4471325
4506309
4503932
4494555
4486571
4503671
4481300
4498155
4489910
4513342
4516761
4490272
4505724
4504484
4480812
4500543
4498707
4487769
4509369
4475435
4496978
4490898
4485839
4500191
4472784
4483760
4493739
4480800
4501861
4492716
4496092
4506333
4495446
4481467
4499911
