8770609
9993886
9991026
10024772
10001482
10037721
9997540
10004663
9990589
9980545
9948633
9982913
9965958
9997072
9957604
9983347
9996779
10005610
9970672
9982609
10021746
9988343
9983650
10020160
10006801
9987641
10009867
10011489
10002155
9984484
10001027
9973492
10018081
9980406
9932198
10002973
10001898
9974517
10004086
9980765
9986086
10029847
10000186
9983907
9984178
10013911
10000477
9983774
9960146
9991262
9983615
10011389
9992355
10006787
10029446
9978784
9993502
10018291
10010258
10004794
9973207
9957193
10010446
10005461
10030700
9999025
9955606
9998594
9983042
10006184
10011451
10011967
9953520
9990632
10021735
10021969
10006774
9972306
10015714
10013083
9980975
9996032
9982066
10002619
9996834
10003832
10039815
9975888
10001816
10008624
9984767
10025259
9973795
9978065
9970834
9991163
9990148
10040698
10043807
9987322
9984593
