10727278
6478101
6501348
6522970
6490066
6547353
6475934
6488978
6533968
6520886
6555872
6513644
6570032
6513934
6538747
6520646
6520154
6527257
6538470
6496385
6547501
6537068
6554676
6553275
6515934
6573692
6541438
6551280
6526587
6533871
6529246
6524711
6571296
6571209
6545709
6537600
6562501
6530978
6490205
6569155
6542736
6512145
6488349
6531259
6542704
6517973
6509104
6533777
6524945
6499368
6556483
6545311
6523247
6487798
6578432
6566213
6603968
6511267
6536431
6482112
6575693
6477184
6518816
6506517
6580148
6549122
6583519
6566729
6603214
6520668
6514450
6563884
6560016
6528971
6516294
6528066
6544252
6558316
6501891
6535615
6504160
6504632
6566281
6527664
6551483
6493978
6538069
6486842
6553543
6520408
6515270
6529768
6526494
6460125
6527408
6516632
6516292
6509647
6525146
6497265
6572477
