12258537
7829554
7816067
7872737
7797624
7810758
7869995
7850521
7891150
7792524
7837223
7876074
7774403
7850180
7788212
7841361
7861255
7820493
7839503
7910229
7788769
7838047
7883995
7802998
7825403
7832200
7784227
7808030
7941447
7764692
7834328
7868868
7767299
7772662
7861455
7830202
7829324
7814170
7817651
7827688
7881669
7869276
7847631
7785293
7840695
7790624
7788222
7829918
7825426
7765345
7807696
7809037
7832320
7818637
7872996
7818309
7838062
7802836
7787081
7881758
7817731
7837946
7770035
7840788
7836748
7784339
7812653
7833745
7883027
7859210
7831133
7839867
7771860
7811643
7783426
7836960
7778229
7867937
7822551
7778345
7876093
7841863
7833618
7849362
7861518
7819832
7787434
7832736
7742323
7805919
7855810
7822191
7886909
7864545
7813090
7893175
7835258
7817708
7785177
7823850
7856221
