9740390
10077929
10167981
10118668
10160158
10152547
10101376
10190599
10083984
10156084
10151997
10135402
10090378
10169704
10128537
10130598
10131767
10130360
10126021
10189630
10196790
10159949
10136399
10131135
10152396
10103117
10133908
10126271
10151906
10146733
10109166
10159212
10138814
10127644
10116265
10171992
10128138
10160478
10096153
10128956
10150816
10167924
10120406
10127562
10145972
10105853
10129636
10153052
10132398
10167767
10151172
10158465
10162387
10153126
10173582
10124576
10110466
10097002
10114241
10141486
10113370
10136884
10131484
10125333
10133850
10120779
10125542
10169791
10147981
10167519
10131014
10089858
10164601
10129512
10105346
10121047
10110789
10122199
10111026
10135712
10132244
10175973
10163082
10108321
10137180
10104812
10124242
10136664
10164125
10161164
10161773
10076560
10083828
10142989
10121251
10129545
10147799
10110130
10179372
10109106
10128550
