8950251
7876792
7890144
7870165
7849878
7876498
7904103
7918953
7903291
7920980
7897516
7897445
7881201
7879092
7916407
7942037
7870846
7882482
7889107
7856858
7886400
7903529
7930850
7886151
7898329
7910733
7902693
7889848
7874852
7919577
7893455
7855891
7847845
7917070
7912727
7925962
7913902
7924675
7875948
7896929
7913389
7901685
7867547
7877029
7893071
7917153
7946125
7898428
7909214
7953661
7893859
7852127
7925944
7859808
7935626
7861044
7909909
7907684
7915289
7943385
7928657
7905553
7858977
7915406
7899049
7888132
7874709
7865772
7850061
7933316
7940616
7878719
7913955
7888826
7899290
7901948
7874205
7905438
7885902
7872257
7931954
7876312
7895140
7908963
7911059
7916179
7856142
7903579
7948538
7902200
7906164
7866542
7943100
7894570
7903531
7933632
7893272
7883942
7896835
7898241
7889897
