1021485
910908
905663
909038
912143
904341
904422
909598
902190
912483
908157
908550
909903
903528
913060
913671
909259
906369
907753
907525
908850
905792
909672
905538
908350
909979
911306
909962
906004
910770
906881
903458
903151
916835
907061
905641
910079
907427
907011
911264
909524
907418
903002
908080
902319
903078
909940
906895
904441
911706
910866
902205
914005
909560
901809
910485
908789
917358
903061
909529
906183
905273
911014
905313
905761
912176
908480
909716
903340
898708
906715
905526
909697
905403
899619
910950
910464
912677
906209
907276
911334
907499
909774
912467
907014
909273
904002
908771
904318
915334
909816
907601
913101
909266
909879
904070
911332
908944
907033
905981
905896
