8147203
5984964
5957591
5955478
5972241
5987749
5938493
5957412
6010495
5944847
5962317
5957749
5939888
5953526
5953765
5930628
5974180
5969449
5989655
5974555
5977914
5966550
5921121
5958127
6000110
5972990
5937759
5933669
5979781
5976842
5955536
5957639
5956687
5993428
5957491
5953447
5994544
5971555
5941053
5959532
5975534
5952922
5999541
5964949
5978309
5986631
5930661
5987606
5936091
5972733
5968725
5923106
5971378
5951086
5936791
5945590
5949523
5967891
5979145
6009930
5943852
5983497
5983707
5947500
5943124
5996914
5980090
5935908
5975074
5992540
5958750
5985832
5940012
5935939
5939167
5953409
6000103
5988102
5973614
5971703
5901607
5925243
5963058
5964666
6007328
5992240
5970596
5966498
5985307
5952596
5970129
5987227
5967954
5968013
5900395
5943925
5983116
5958333
5949703
5944957
5979880
