12013823
9040298
9098154
9090787
9032700
9090672
9052081
9136371
9044940
9139947
9079374
9034199
9074422
9032035
9034528
9025583
9010287
9079210
9049144
9079649
9084079
9090694
9104277
9065012
9047456
9053613
9132449
9033918
9078760
9023208
8996504
9091732
9097475
9054361
9026047
9064237
9073137
9087785
9036047
9088585
9083235
9043564
9055750
9101418
9115400
9003786
9043887
9055207
9118610
9134761
9046802
9053895
9084026
9095867
9026288
9042684
9070341
9010906
8988167
9071546
9069471
9097629
9075737
9099725
9083765
8995057
9010682
9024107
9133783
8984909
9116009
9018252
9038574
9078688
9039815
9112392
9108570
9100171
9083000
9094650
9028481
9046143
9070355
9031779
9104648
9118730
9014657
9104133
9105265
9047846
9038480
9071057
9009020
9088908
9070830
9146751
9081736
9037964
9040683
9063370
9096150
