623395
685413
686473
685722
685402
686714
687848
689151
688804
689670
691387
687968
686767
686190
686836
690189
686811
690318
687081
686232
685142
686738
688931
686350
687971
684781
691139
687523
688465
684320
687682
688983
688010
685780
686957
686497
685876
692619
683687
685117
690950
686531
687745
688069
686907
685152
687033
688846
690479
686808
685612
686943
687567
690463
682816
686977
683418
690179
688614
686652
689494
685349
686108
685758
688482
688483
688092
689558
687664
689931
685144
689249
690582
685836
686689
686637
687491
685598
690793
685619
688743
690531
686316
687531
688352
688529
685238
689769
684831
690726
684664
690383
684091
685868
687483
688838
689053
687286
688906
690344
685077
