7865539
5115987
5100046
5135842
5092544
5152984
5109150
5130378
5145197
5125968
5116634
5103474
5133010
5130540
5092695
5129707
5098026
5131364
5112036
5159917
5135021
5139868
5094578
5165644
5141585
5118212
5095462
5127659
5082670
5111890
5105837
5105681
5161020
5107090
5133798
5083549
5108155
5125841
5119121
5147526
5104843
5110233
5116698
5089901
5137138
5134340
5061573
5119219
5117115
5135663
5096355
5099975
5127209
5137288
5114122
5103946
5152044
5115981
5132778
5118774
5109578
5117837
5096779
5134562
5113966
5135973
5107697
5102949
5127853
5092245
5126889
5075770
5143077
5070924
5148869
5130031
5143214
5153226
5098868
5132573
5083785
5083708
5157936
5139250
5112968
5136634
5111372
5131957
5165954
5113555
5146562
5129927
5151331
5160456
5125264
5107148
5128473
5132871
5141729
5130978
5112208
