7166065
5699199
5702997
5700693
5689978
5683362
5729504
5704592
5728183
5718457
5740388
5717553
5692730
5694050
5717779
5683700
5696744
5738085
5729386
5734525
5707183
5711534
5699014
5701474
5710630
5718358
5686690
5703996
5732249
5717873
5719586
5699598
5670966
5709173
5702575
5692598
5695779
5695007
5692734
5711822
5703402
5707090
5677519
5672085
5703851
5707417
5700045
5732386
5727515
5746540
5725337
5699345
5703429
5690210
5707733
5663389
5656223
5695393
5715955
5682499
5706671
5702442
5691967
5717030
5728095
5657455
5701528
5693055
5722339
5706593
5668636
5726911
5748178
5677554
5702625
5703671
5713284
5678640
5722171
5715972
5702565
5711315
5693280
5707049
5731709
5736049
5746437
5724531
5701837
5728559
5706681
5700225
5713145
5685393
5722271
5736304
5671682
5716985
5732940
5703899
5737176
