7780421
5369180
5373364
5319749
5313559
5334164
5354395
5351753
5335576
5378041
5350427
5359646
5328678
5331659
5360501
5355172
5354460
5415086
5359376
5370668
5322340
5329808
5370681
5324160
5339398
5347513
5347284
5354285
5357105
5304377
5326644
5390277
5335213
5312965
5355608
5372032
5333536
5344129
5319030
5366074
5327092
5326412
5334968
5330291
5339372
5309647
5354022
5369474
5343973
5380089
5346198
5330479
5329223
5363385
5380046
5357080
5383183
5358723
5341262
5349973
5284739
5399445
5313527
5333272
5356676
5351685
5337803
5297004
5376098
5350023
5348361
5390810
5337606
5339811
5331494
5361672
5328599
5320383
5333648
5339042
5345302
5337446
5312594
5347246
5383073
5353873
5383593
5371895
5331885
5352334
5381190
5348251
5358260
5364304
5337344
5370366
5373830
5301789
5357213
5327078
5316774
