417502
526034
525618
524956
525021
527154
523356
520093
523117
524032
523330
525336
525110
524794
524577
522992
526164
525389
526938
527788
524891
525456
524991
525643
523331
521374
525896
525725
526168
523813
523542
524887
524642
522313
524926
526159
523542
523299
525015
527722
527410
524049
523318
527582
524654
523111
525634
526567
526064
527414
520479
522974
524592
526080
524058
523181
526462
525176
522799
525557
524904
524005
526763
524645
523870
525720
527307
524254
526683
526426
525705
524397
524985
522815
525366
521624
525200
524642
524908
526762
525094
523359
523693
523958
526425
526464
523705
525159
523739
526311
525131
523370
523712
525602
525708
524308
523608
522430
524585
526224
524857
