8042594
5188149
5160172
5147690
5191435
5157553
5168856
5193619
5208588
5159967
5182126
5239491
5178105
5203426
5177578
5199278
5147283
5188032
5137226
5206717
5203990
5171787
5157682
5166773
5155841
5169791
5145471
5182486
5211374
5132961
5247431
5201214
5188529
5171091
5193276
5200380
5186530
5142118
5180841
5208871
5219828
5136783
5144636
5161933
5165587
5216978
5177595
5186778
5119810
5208098
5237819
5211742
5202141
5198894
5163397
5178834
5186663
5207604
5204041
5187069
5177207
5173589
5219792
5171818
5161511
5205744
5162308
5178737
5198586
5188978
5206728
5215907
5198982
5202493
5185374
5136982
5180571
5199551
5169545
5194112
5191027
5216414
5165936
5191117
5164969
5256559
5179369
5191289
5174252
5175393
5169956
5165346
5191092
5149485
5149737
5218465
5167452
5176701
5212057
5148514
5175395
