6650708
5128470
5095540
5133366
5113956
5143177
5137995
5119654
5126523
5114575
5164359
5118604
5156165
5146473
5130355
5155561
5114502
5134466
5166462
5157723
5176143
5155300
5140616
5130843
5115093
5135076
5137143
5107512
5138438
5117897
5130250
5159778
5143139
5140623
5180632
5170518
5128697
5164558
5138730
5158323
5149173
5147133
5143564
5166520
5144850
5149460
5165422
5154248
5133783
5132414
5128658
5134305
5120945
5142416
5135983
5164990
5130799
5149149
5151977
5157007
5114585
5120509
5139968
5151010
5149939
5154690
5142969
5183666
5140492
5115342
5144968
5151514
5136927
5150851
5137431
5118086
5174632
5148232
5183351
5145995
5150736
5152718
5122942
5151736
5151904
5099249
5102087
5163911
5111160
5150697
5136188
5161406
5131470
5142121
5155409
5147231
5155947
5155590
5156843
5167454
5128077
