3752023
2263431
2264246
2268415
2258106
2257927
2252094
2262930
2250579
2241593
2250279
2268157
2263542
2239830
2264215
2250509
2225194
2251132
2262505
2250860
2277535
2278920
2255538
2256823
2259469
2264812
2259768
2264117
2248012
2270749
2247011
2257267
2252419
2258868
2244114
2272057
2257037
2239058
2259449
2263617
2251750
2251652
2237546
2256969
2248331
2261194
2242677
2262703
2234117
2271504
2247586
2240546
2262583
2250701
2265028
2247358
2229549
2231982
2292506
2263345
2282007
2252330
2250211
2256143
2264290
2248471
2270461
2255334
2256043
2264201
2267566
2248027
2275769
2262161
2250793
2236177
2254344
2258681
2262198
2267698
2257226
2243953
2260644
2266755
2272235
2273819
2249298
2254941
2264780
2258422
2261044
2254102
2282562
2255272
2244182
2240693
2265787
2240689
2258871
2259554
2247583
