16828162
10523091
10548777
10524943
10510297
10469013
10500654
10398253
10490240
10513670
10503036
10442742
10454546
10402553
10380299
10441518
10441667
10480893
10533135
10461973
10459954
10460354
10546732
10517086
10514333
10592399
10403595
10476291
10513560
10510066
10468069
10449367
10438103
10513856
10420111
10503787
10451355
10484437
10432787
10421633
10512274
10501321
10499576
10452845
10470801
10562746
10457510
10542693
10533894
10371734
10558913
10540266
10475099
10552815
10505303
10482427
10449469
10466884
10405757
10503461
10406691
10556276
10422378
10548844
10529228
10512072
10336558
10354498
10520375
10542942
10389366
10421027
10545404
10483084
10433496
10404242
10454023
10469760
10443119
10509401
10532882
10528880
10548000
10432874
10600385
10477698
10538853
10467972
10501189
10466130
10465920
10516313
10366208
10503273
10449686
10481639
10509144
10445913
10500951
10493306
10426779
