7280344
5848289
5861582
5861767
5840716
5829247
5825035
5850139
5834375
5876234
5856991
5869932
5859452
5844852
5874203
5836384
5858087
5845154
5866973
5873399
5850388
5901478
5866822
5868325
5845201
5878082
5866112
5848951
5858268
5857564
5876148
5866949
5879392
5863608
5903793
5843550
5875473
5833625
5873540
5878652
5883570
5902512
5901982
5848733
5841161
5864885
5904546
5851678
5867624
5878992
5881211
5821841
5874011
5850614
5835987
5835296
5897730
5868738
5874271
5895610
5824599
5820275
5870989
5869141
5915299
5878628
5864757
5872764
5847155
5873071
5834736
5858187
5841589
5906912
5864835
5892089
5872562
5847543
5888409
5870699
5868416
5906257
5845969
5854685
5875164
5855984
5838879
5900496
5858923
5861943
5889374
5860977
5850861
5861685
5885089
5907264
5858205
5865926
5889041
5851121
5870217
