4227422
4175803
4163633
4195052
4185320
4174864
4144502
4172001
4212911
4198250
4194862
4186308
4189915
4178055
4183891
4196800
4195197
4204542
4186142
4169165
4188741
4171806
4166258
4200597
4196971
4177771
4197083
4189064
4167524
4180461
4172217
4127781
4197691
4174680
4193808
4182170
4167160
4189831
4180084
4171054
4176241
4172943
4199605
4188461
4164070
4206647
4207291
4170511
4152046
4182830
4170055
4171100
4179686
4205080
4198981
4209573
4205346
4192366
4180374
4152793
4181056
4209524
4162625
4188020
4165933
4179991
4190154
4207889
4197258
4171777
4213799
4184859
4172522
4175908
4164848
4181819
4181920
4158578
4192191
4192623
4216771
4181238
4169206
4175488
4202887
4186227
4201319
4161731
4166341
4200593
4159940
4185035
4181307
4170827
4179668
4212624
4166820
4174773
4180932
4183150
4170496
