11508883
8267953
8322009
8252993
8344897
8267473
8290723
8244298
8320566
8301215
8309866
8294165
8315408
8311453
8362771
8303626
8258294
8305303
8304824
8291588
8333698
8348579
8289832
8328238
8318698
8361607
8369521
8278813
8365696
8324420
8368263
8282992
8303892
8313086
8334580
8301756
8404933
8340249
8271874
8326691
8376246
8310557
8322504
8373187
8344822
8369998
8255003
8285249
8337936
8333547
8289469
8255318
8329306
8294121
8270499
8295822
8272845
8309638
8315426
8372759
8287878
8291978
8351024
8275177
8351893
8364087
8310108
8266061
8297997
8305484
8215754
8292976
8311161
8347901
8293153
8314739
8290747
8320183
8281015
8305950
8365203
8295849
8309862
8352226
8332880
8332589
8300208
8374069
8274597
8369588
8353434
8323639
8314703
8259949
8373130
8305816
8334521
8315049
8295522
8347644
8311136
