8232339
7960636
8008522
7987053
7992963
7995281
8047783
8005104
7980270
8014545
8016069
7959439
7986645
8025970
8015760
7988558
7994203
7996248
8035040
7991423
8029145
8025446
7962746
7980043
7959920
7998161
8012423
7986663
7965120
8034774
7960948
7976062
8001138
8039171
7991352
8006335
8000454
7981012
8001131
7998948
7972415
7989603
8001223
7986663
7988616
7986103
7977692
8004917
8017824
8013127
7990831
7970612
8026882
7968151
8013288
7999788
7982069
8003139
8004879
7985075
7988140
7992962
8033709
7985045
8005037
7992673
8001622
7985200
8016193
7985267
7989635
8050143
8012173
7988653
8018242
7992569
7962366
7981898
8002548
7976118
7975101
8008531
7982945
8012322
7997270
7973656
8008203
7992213
8024172
7983123
8006298
8018803
8031954
8022311
7941382
7990756
7987762
7996768
7998420
8000081
8004931
