3197484
5913171
5902157
5906085
5900336
5902402
5920342
5911005
5902049
5900511
5886983
5889824
5902817
5922305
5899971
5915845
5908700
5892537
5892019
5900331
5904626
5897002
5903899
5907889
5898192
5917407
5918197
5917927
5918101
5924549
5906475
5894981
5911302
5903823
5900533
5903629
5902501
5902805
5895767
5894706
5899485
5899222
5912252
5906272
5920344
5903641
5917284
5908572
5900239
5897779
5909488
5902577
5904260
5904434
5903866
5915616
5908891
5894823
5904579
5898956
5909152
5923767
5893416
5892957
5898075
5906466
5906128
5919951
5906064
5918858
5896652
5909129
5910152
5913218
5912217
5908697
5911510
5905279
5894104
5902847
5917736
5894065
5925734
5893260
5896159
5889875
5915318
5914515
5913215
5903104
5905986
5900890
5911511
5901904
5916306
5905669
5916211
5888140
5902279
5894107
5907349
