2913394
2965988
2970544
2974441
2984349
2979307
2973462
2974846
2973536
2971217
2980202
2980582
2967187
2985356
2976013
2973701
2983473
2975240
2978370
2978939
2967681
2982915
2987324
2978034
2980819
2974548
2984319
2972438
2961761
2983680
2974911
2971750
2974922
2971034
2982034
2981291
2993491
2970928
2974783
2970302
2980531
2966171
2967573
2965847
2995866
2967556
2980043
2977454
2972341
2978925
2970471
2959373
2963110
2974851
2986752
2983437
2976662
2967232
2969039
2980519
2986051
2974289
2982310
2980805
2990949
2956847
2971169
2981014
2975874
2977132
2965487
2958669
2980238
2975858
2974295
2968798
2964999
2970206
2982646
2964710
2973001
2957942
2981034
2983167
2981303
2974585
2978574
2985339
2993797
2969897
2976753
2976714
2972992
2971894
2970136
2969863
2981417
2970829
2968554
2968287
2976775
2913394
2980290
2988704
2967830
2992196
2981588
2960866
2976504
2972344
2986482
2968978
2980846
2984529
2968273
2969420
2975392
2986642
2958593
2980430
2978132
2976803
2971752
2965091
2967320
2968173
2975482
2970471
2994593
2962325
2992372
2986659
2983149
2978660
2981997
2972519
2981892
2970569
2986816
2980814
2963535
2970749
2982816
2975036
2971142
2981057
2984018
2964112
2974478
2966495
2966385
2976494
2966263
2986749
2965917
2977380
2968887
2973128
2968253
2977582
2970122
2978375
2969853
2971295
2976798
2974071
2976762
2976871
2987252
2977755
2972443
2955294
2971423
2967948
2965858
2967122
2978607
2990195
2970166
2979139
2969290
2964927
2975730
2975794
2968765
2962117
2980837
2977422
2963718
2968421
2981462
2972020
2987151
2954078
2973022
2979361
2970057
3001312
2974350
2968324
2980980
2990742
