5556537
3284841
3245037
3242441
3207482
3261340
3253505
3268777
3227078
3248326
3241023
3268236
3213304
3272195
3243382
3267444
3226123
3253038
3234797
3251028
3223348
3246287
3250428
3230360
3252962
3255017
3245877
3245072
3225007
3221070
3231933
3251666
3212913
3233649
3261803
3251166
3216612
3251974
3233750
3235894
3211051
3246810
3217296
3238822
3253132
3207731
3199305
3239572
3230526
3241526
3239541
3237285
3218250
3223066
3235128
3243778
3228469
3274093
3242532
3206372
3203453
3247360
3207582
3232528
3221006
3233021
3225264
3224049
3246970
3250573
3235716
3245516
3216209
3236715
3254941
3226386
3235777
3245494
3237267
3257396
3231064
3215958
3238976
3261173
3241100
3222255
3267696
3195602
3205857
3246010
3207273
3228942
3236086
3249712
3204875
3219584
3275200
3251565
3223771
3261449
3247362
