9338367
13754381
13754585
13724353
13750725
13796911
13751050
13751883
13735646
13741778
13767209
13776684
13740175
13748675
13763254
13726716
13767527
13790224
13729123
13762543
13782241
13784583
13737506
13716246
13754468
13752007
13721855
13721382
13756167
13755010
13796765
13794317
13752126
13748649
13775591
13764859
13745375
13758036
13777932
13768507
13781286
13795188
13756019
13768379
13791479
13781601
13790880
13779360
13756582
13739565
13748911
13731562
13786415
13769202
13757842
13744770
13738576
13745921
13761491
13757161
13797994
13782890
13729601
13753461
13796141
13799412
13773031
13714204
13734320
13751364
13754826
13756128
13783407
13755134
13751523
13786464
13739068
13764409
13774811
13753637
13777821
13762281
13768622
13774985
13761043
13743665
13781340
13778936
13753275
13742897
13779307
13752176
13772461
13742410
13714786
13719889
13733575
13774666
13763612
13726840
13763964
