15523717
10827060
10805861
10849955
10777723
10783753
10775272
10864018
10857453
10813818
10865791
10740559
10836274
10848065
10827028
10847332
10740039
10790173
10841650
10712108
10802717
10771728
10776652
10797591
10766993
10752644
10756150
10860937
10817947
10850788
10754842
10878862
10770927
10796501
10784071
10765343
10878079
10733455
10758889
10808838
10731655
10943917
10842621
10789992
10832154
10781839
10739485
10812264
10804947
10830474
10817456
10736003
10758527
10765646
10788555
10786514
10780306
10727854
10787956
10761810
10801660
10858926
10803843
10831139
10781867
10831197
10815438
10738208
10779563
10815839
10815982
10725403
10836533
10763135
10754752
10813995
10818703
10826603
10828007
10780052
10852538
10767210
10806765
10818394
10855597
10726853
10832533
10687095
10784496
10741910
10798255
10855979
10755562
10825933
10783338
10862746
10847380
10841660
10847345
10751233
10797779
