7415889
9521917
9555142
9543819
9585465
9577473
9588016
9604300
9551501
9580138
9566312
9563642
9595297
9538116
9558332
9582679
9593494
9560500
9561961
9588927
9573431
9547658
9572163
9514748
9583335
9588223
9572049
9580281
9532981
9521661
9580044
9556640
9524076
9605034
9588771
9549175
9554547
9577447
9581694
9587642
9587960
9537980
9571030
9533244
9560930
9568665
9598101
9599681
9579650
9556825
9593443
9576548
9592128
9580257
9576644
9578770
9556787
9552652
9599865
9562175
9542152
9588205
9562760
9553549
9574132
9556692
9586401
9564563
9583892
9575821
9553569
9593816
9595908
9584686
9576000
9549953
9552867
9566094
9557286
9549933
9584738
9587316
9589864
9586303
9567440
9542231
9593528
9583569
9554627
9551687
9555865
9568755
9574939
9578657
9583085
9579071
9571940
9560539
9552153
9583893
9567660
