7698644
4504109
4529572
4539349
4557965
4528211
4540750
4528949
4592619
4558250
4506006
4539164
4528857
4541379
4543283
4566281
4509977
4524660
4494942
4570885
4510719
4518599
4516506
4549457
4506074
4507022
4491099
4551699
4488927
4573988
4517548
4512172
4555599
4546975
4529824
4508878
4535946
4495943
4513745
4525158
4573781
4508541
4523148
4530807
4561525
4544301
4555667
4527134
4548141
4534017
4531662
4517567
4537151
4527960
4531732
4583657
4526061
4540557
4541762
4522910
4531009
4483986
4507638
4538779
4569445
4492961
4567134
4516629
4526120
4513674
4536997
4523661
4481549
4496320
4569456
4537616
4512676
4497687
4559498
4525811
4490503
4578312
4563272
4578366
4496839
4489764
4519737
4536534
4536631
4589806
4587075
4503238
4557059
4503614
4516762
4563513
4537991
4544077
4552897
4584959
4556019
