10140738
6049581
6093384
5991089
6067405
6079966
6021319
6033114
6054324
6029960
6087784
6057570
6083354
6044471
6081111
6070102
6079238
6058872
6071126
6010413
6023537
5999610
6011262
6037047
6058419
6114721
6073089
6024850
6060991
6071300
6053870
6047092
6078373
6048052
6060926
6042482
6070230
6110668
6063196
6094298
6057968
6063506
6073024
6094730
6054530
6017765
6049177
6021648
6061225
6012673
6063254
6047223
6057719
6029418
6045367
6074924
6078473
6063665
6070530
6104801
6078812
6069972
6083050
6063065
6054275
6078400
6029480
6043265
6030882
6089126
6047808
6093901
6012813
6077763
6019243
5991967
6073448
6019078
6086711
6051129
6079570
6054649
6050848
6002226
6027552
6104926
6107068
5998437
6050130
6103780
6062236
6066350
6072464
6075113
5987642
6054134
6066064
6030929
6098703
6065866
6044183
