7540663
6474536
6506201
6465096
6520629
6485646
6506181
6517940
6517247
6443175
6471501
6518647
6460420
6487222
6462476
6504627
6480984
6515983
6508448
6492919
6532148
6477537
6504575
6489464
6488370
6531103
6537523
6480015
6481841
6465392
6512834
6493844
6505918
6459465
6468549
6498974
6489878
6537039
6460236
6490191
6496353
6520516
6476404
6520896
6481738
6490131
6487301
6538771
6509514
6483907
6509572
6497697
6499673
6485219
6499253
6520824
6440726
6512830
6495942
6482822
6464117
6497342
6523195
6482399
6456408
6459596
6480506
6487118
6488470
6502372
6468082
6491599
6502271
6502346
6473357
6521803
6507279
6487496
6475170
6497202
6492912
6462238
6494751
6473942
6499879
6481576
6479116
6543794
6483794
6469669
6506947
6493249
6498894
6468212
6535205
6487719
6518743
6471015
6497537
6497707
6483695
