12743476
8633154
8609566
8649382
8612928
8650547
8617702
8679901
8672137
8649991
8617195
8609606
8628566
8622741
8592833
8681483
8635064
8603527
8673525
8664550
8660690
8685585
8723146
8696120
8609135
8656767
8662425
8623161
8627233
8670823
8644083
8616549
8643845
8695248
8679843
8706713
8659692
8619923
8588776
8659614
8689267
8613278
8653935
8648861
8676387
8682368
8579268
8711547
8652281
8648362
8672622
8651658
8674448
8661940
8637118
8638559
8615634
8641041
8686718
8666868
8670518
8631615
8669798
8703767
8714322
8713992
8713068
8643327
8642190
8634389
8646228
8621466
8628392
8655305
8630124
8691256
8622904
8663712
8700922
8561247
8657098
8700775
8644758
8642853
8574813
8668302
8678389
8642544
8659038
8692704
8651257
8728611
8586334
8635542
8617390
8650814
8610952
8672557
8618648
8597404
8645482
