5901774
3788338
3792012
3781674
3772708
3774708
3780255
3781697
3786014
3793818
3782017
3787638
3784963
3750080
3796802
3792973
3795191
3779173
3788486
3737029
3747428
3759068
3803414
3786876
3763734
3791969
3757239
3812217
3760270
3777751
3787454
3790748
3787567
3758852
3796077
3787056
3801610
3810746
3775387
3791435
3795932
3776390
3765828
3781946
3781074
3763652
3753846
3777185
3785944
3770275
3802263
3783824
3792925
3774544
3774594
3786835
3799742
3755509
3778973
3787007
3750654
3769922
3791999
3785723
3775839
3763347
3782316
3749470
3777956
3787017
3767437
3784799
3766468
3807874
3792314
3769593
3755731
3800938
3784443
3775922
3791072
3780997
3768830
3796648
3784018
3784380
3813708
3770886
3792911
3793002
3786839
3777296
3762947
3780595
3785564
3774753
3764647
3757535
3776918
3753577
3765329
