1397135
1062612
1066193
1073296
1063566
1073410
1070668
1068140
1073015
1072073
1074922
1062051
1067522
1075002
1069365
1071208
1068739
1072358
1074846
1062632
1073667
1069457
1064195
1067068
1061855
1074322
1072582
1066083
1065074
1065054
1067509
1073529
1072155
1070435
1068018
1068114
1064019
1074068
1069537
1073204
1063851
1069414
1065636
1076232
1062960
1071342
1070887
1073961
1057785
1063414
1064709
1073620
1067058
1063528
1067457
1066360
1070753
1072330
1062187
1064311
1070593
1070000
1071941
1078274
1069793
1068941
1076109
1062803
1065507
1058470
1068859
1070515
1068027
1068556
1069297
1073386
1067196
1067096
1067691
1065841
1076165
1074963
1070238
1065696
1066293
1068803
1071453
1072930
1075769
1068149
1069598
1068845
1071892
1068880
1063191
1070142
1068082
1071990
1072507
1071093
1074252
