12006103
8408226
8326354
8344725
8289639
8349158
8379856
8356377
8333915
8281134
8309903
8369648
8303816
8405846
8352016
8326279
8352265
8374885
8330216
8328402
8297196
8355877
8292379
8367468
8309610
8308326
8289292
8318719
8344674
8284710
8291033
8344117
8373243
8343861
8324045
8346475
8334212
8331482
8320997
8331364
8335884
8421554
8294042
8370426
8323836
8330893
8307929
8347948
8377159
8364779
8390837
8350069
8372812
8370164
8304952
8366440
8341443
8380537
8391228
8314609
8357356
8328547
8353156
8324183
8300601
8398428
8371513
8329839
8395177
8279900
8304066
8304916
8393207
8357502
8278296
8347154
8379875
8344992
8354811
8324745
8277253
8335854
8400966
8320564
8329876
8307412
8357476
8354946
8331914
8350019
8378797
8268667
8328990
8284537
8208134
8391402
8361473
8352175
8387863
8365376
8329306
