10401367
12242880
12265952
12291218
12266040
12263649
12277806
12288887
12302455
12218865
12255239
12283428
12310675
12286326
12263047
12286248
12282109
12260446
12257566
12272419
12236614
12289044
12271864
12261191
12249463
12297907
12235715
12304186
12243126
12260859
12287382
12247516
12293046
12302317
12281569
12292191
12296907
12274080
12287517
12257122
12300483
12263699
12261294
12274542
12264263
12255825
12288452
12237473
12279627
12270349
12287716
12324206
12252657
12259052
12269999
12271527
12270831
12276770
12261581
12254433
12272534
12280403
12222549
12251745
12270218
12211230
12270653
12277845
12257526
12282009
12280825
12257822
12277697
12293663
12272263
12290610
12303211
12284296
12264274
12279369
12268263
12276743
12228786
12233131
12306378
12267388
12290511
12263878
12263355
12281100
12264458
12237611
12226126
12250448
12254937
12272859
12339669
12331559
12239019
12298226
12274042
