2022389
2564452
2567466
2567618
2565919
2554671
2570492
2567064
2567557
2573055
2564580
2558323
2580244
2570144
2561704
2566202
2560755
2563780
2563653
2570698
2560222
2575691
2563080
2556820
2569169
2561951
2560929
2565114
2563792
2565153
2576412
2555616
2571549
2570344
2564270
2570966
2563368
2557533
2583859
2566842
2561256
2570278
2573318
2562721
2566891
2570936
2567095
2571904
2564487
2557317
2567490
2561123
2570877
2567145
2575651
2565739
2565141
2562443
2560938
2557163
2565127
2576596
2567955
2567765
2570421
2578317
2562440
2560733
2562523
2569611
2562776
2566052
2568197
2564462
2556593
2548034
2571725
2575392
2574137
2575787
2564280
2566099
2554911
2561595
2569249
2570031
2563182
2565791
2569331
2570216
2567942
2564674
2562011
2565092
2566551
2569332
2563432
2566482
2561654
2577632
2556987
