4432411
5023386
5032562
5024454
5034896
5017718
5013273
5019838
5012503
5018820
5029498
5019311
5021767
5040497
5040578
5016515
5013261
5038522
5015238
5028462
5041760
5024494
5034387
5026630
5011018
5015311
5033153
5028459
5025647
5040701
5031243
5027878
5033075
5047939
5010297
5022250
5017238
5042895
5020614
5036041
5033304
5020771
5022670
5018038
5024719
5031915
5024606
5016910
5028012
5018737
5026134
5012465
5016261
5035867
5004792
5025867
5039853
5039276
5028677
5032461
5027077
5033034
5039935
5030854
5014761
5014319
5020738
5030523
5040282
5028988
5013704
5007990
5019208
5048061
5022561
5018234
5029663
5013174
5026222
5010818
5013667
5022149
5001457
5015472
5030216
5017443
5027241
5019724
5025812
5005424
5035913
5027252
5013676
5019961
5030546
5030230
5031747
5009973
5028437
5040137
5027348
