6850645
4652955
4614055
4618213
4634422
4630926
4712500
4661134
4646911
4651294
4647060
4610676
4692362
4682445
4656069
4664480
4672292
4662105
4684713
4730340
4680513
4664414
4653710
4700927
4643755
4656939
4632259
4679060
4656973
4658536
4665429
4683003
4644875
4689053
4670407
4654493
4641166
4622844
4687332
4725306
4670834
4662823
4678600
4618373
4638080
4605745
4666642
4660386
4716844
4616418
4683745
4629595
4665899
4668210
4679808
4686552
4718015
4641292
4644742
4637599
4690816
4655497
4687525
4704734
4653679
4696999
4615849
4639053
4655311
4673428
4655462
4693411
4678775
4630051
4675285
4680157
4661979
4655581
4607607
4671074
4678309
4657393
4694178
4665043
4663013
4653168
4635214
4662511
4619148
4697728
4626877
4674435
4664596
4638069
4622571
4708157
4699962
4638675
4659725
4651402
4672462
