8621760
6785538
6768536
6786667
6762195
6765122
6790776
6737161
6734334
6783001
6745245
6744880
6803870
6776501
6752437
6766459
6773067
6788490
6755088
6763465
6756233
6770443
6778665
6769929
6788029
6778334
6759185
6791555
6792288
6783604
6807751
6828189
6794790
6746629
6742963
6772171
6784362
6792270
6771582
6786493
6757641
6825467
6768175
6794024
6755144
6739277
6772236
6765346
6784366
6790099
6774101
6789253
6759828
6768820
6728564
6774750
6795785
6773357
6801156
6786936
6795795
6780856
6751022
6796585
6804745
6754210
6736781
6791129
6747797
6812429
6787756
6807237
6791906
6784684
6729828
6788690
6759583
6807103
6771832
6800439
6771596
6784473
6759121
6803300
6743406
6708611
6794393
6820669
6831689
6769189
6788428
6741377
6765182
6782258
6772517
6779108
6779848
6776709
6754781
6779324
6767202
