887007
1104491
1101025
1101087
1098643
1101746
1099591
1098887
1099500
1103652
1097028
1101315
1104859
1103598
1102908
1102759
1100715
1104803
1100829
1099499
1097517
1103138
1101966
1103407
1104404
1100018
1105876
1100655
1100733
1101793
1101597
1100749
1104007
1100765
1099355
1096134
1097956
1101235
1101089
1101788
1098055
1101928
1102490
1101402
1100586
1098245
1099352
1096263
1102707
1097952
1101987
1105661
1101725
1103269
1104209
1099937
1102249
1102389
1102571
1102387
1101202
1100208
1103344
1096926
1102148
1096717
1100812
1105813
1099652
1100053
1099865
1098034
1100824
1101264
1108375
1102692
1106193
1099969
1100912
1102554
1102177
1092046
1095973
1097454
1104247
1105484
1098987
1095528
1106335
1095508
1104561
1103819
1101081
1100186
1095834
1103027
1102222
1099782
1102402
1105431
1095998
