7298646
5506984
5462977
5456595
5501354
5490466
5513211
5500929
5473029
5479181
5478077
5512336
5476865
5494860
5497315
5442445
5462300
5483926
5484185
5477719
5450890
5469935
5471884
5486675
5489995
5504856
5444715
5478921
5452115
5506219
5498256
5471859
5475472
5482187
5494067
5481452
5489177
5447261
5482078
5473937
5462048
5477208
5488194
5431952
5463584
5512623
5478731
5499855
5472285
5444530
5473314
5461695
5468567
5498349
5482207
5526513
5473346
5465317
5463692
5464230
5450198
5451815
5489783
5479749
5423462
5490049
5515826
5491881
5478594
5497870
5494019
5498878
5504491
5521359
5482140
5460523
5476478
5457766
5430749
5463973
5479946
5469652
5485915
5464158
5497336
5464993
5506912
5480316
5465172
5452331
5490467
5455689
5474776
5476597
5507379
5475284
5521003
5460791
5482871
5450033
5486414
