11628103
8090573
8085964
8112679
8101862
8109736
8067486
8116434
8099433
8081951
8041162
8064666
8064240
8050772
8068877
8087480
8113436
8070416
8113478
8019005
8067006
8061717
8044959
8118828
8100304
8109057
8024697
8094600
8137967
8071528
8071232
8043499
8083235
8101892
8101356
8097968
8129774
8189065
8108379
8106425
8155170
8065028
8124338
8060080
8118517
8058006
8133778
8114830
8058180
8062091
8129799
8135723
8071247
8095697
8107075
8126619
8076868
8122713
8146237
8098851
8123645
8085084
8071233
8085121
8108429
8113234
8209012
8158786
8060970
8131123
8061156
8132620
8092692
8065433
8111046
8137294
8096600
8086808
8074849
8076263
8030972
8052091
8114644
8127251
8097157
8103061
8010929
8104644
8103082
8072901
8130802
8078442
8108315
8067720
8032562
