3307995
2677724
2691550
2689177
2702470
2687474
2691770
2694778
2699885
2695893
2679953
2691513
2681264
2678235
2678850
2677470
2691272
2683202
2684135
2697149
2678539
2699354
2680996
2687424
2674575
2674669
2688515
2694087
2711868
2688055
2681172
2693826
2694927
2680534
2680858
2704600
2685339
2690931
2685373
2708038
2690743
2684414
2691186
2678206
2678808
2696936
2693952
2688994
2695223
2678548
2682386
2706314
2697178
2676116
2700209
2691083
2657574
2678465
2684262
2684892
2687085
2680506
2689519
2690821
2677937
2682456
2679353
2685044
2691341
2688816
2676654
2688533
2697370
2681877
2665681
2691671
2681190
2687497
2684772
2666767
2689913
2697183
2690492
2686469
2693965
2684173
2697144
2693102
2686925
2685583
2686322
2697796
2697469
2697848
2682983
2681855
2663404
2690012
2685832
2682710
2688482
