5545332
3781696
3797329
3810028
3777126
3798946
3784414
3817742
3798688
3777455
3783932
3773723
3775861
3822880
3794910
3760056
3797024
3798449
3777367
3811688
3747502
3791335
3779878
3801899
3801736
3795477
3786486
3796103
3763581
3768335
3784925
3798542
3782310
3807109
3782841
3777588
3798277
3796875
3793689
3789031
3782581
3782880
3785596
3797526
3790314
3776939
3824461
3774133
3818139
3770530
3763077
3816925
3767733
3780459
3783450
3773599
3790654
3784739
3789694
3801786
3776754
3798331
3782769
3817632
3775401
3812879
3777062
3773267
3789131
3804653
3777306
3784776
3771088
3772081
3763102
3739571
3773028
3779699
3814081
3791605
3797319
3783710
3799402
3760040
3779600
3791519
3774389
3794807
3785055
3803276
3800549
3793999
3772674
3776159
3784246
3800537
3805524
3785881
3788259
3808148
3774826
