4776412
3841117
3875108
3847959
3866528
3836330
3864096
3824358
3831599
3837503
3872409
3861631
3836185
3857956
3836933
3840276
3827691
3840206
3862013
3852119
3851075
3852818
3842278
3840871
3865581
3843307
3855802
3840901
3877378
3851185
3842567
3848530
3838240
3833842
3849868
3859164
3829984
3836773
3821857
3863149
3828185
3842032
3877956
3849565
3865354
3863569
3846982
3855330
3840288
3872010
3839976
3858817
3858168
3832095
3849798
3869549
3844535
3842404
3854288
3835695
3857758
3853475
3857468
3854993
3846198
3856213
3840805
3838214
3844718
3837752
3868526
3837488
3846168
3855964
3877798
3867471
3825571
3841005
3849780
3825217
3845433
3830359
3833988
3830928
3862082
3856743
3838883
3848928
3851750
3852431
3845323
3842725
3876403
3886101
3859181
3816050
3846966
3848746
3851732
3836038
3854673
