3085311
3220999
3212145
3211903
3214593
3220639
3201414
3224040
3212455
3210735
3214713
3238667
3220008
3216605
3230641
3240775
3209081
3223372
3218603
3225388
3202523
3232283
3225285
3210008
3225997
3202859
3231252
3222806
3209262
3205205
3247689
3204113
3219105
3224937
3213267
3210329
3220171
3216674
3215560
3228220
3201178
3223626
3229261
3213270
3202566
3239918
3210819
3228976
3215340
3194406
3213779
3220643
3212139
3228544
3216443
3225386
3219894
3230852
3207334
3225904
3219146
3214687
3214170
3223202
3236721
3201057
3222369
3229781
3217029
3211642
3224126
3224698
3194251
3244554
3231727
3220455
3218609
3204665
3189092
3209149
3213623
3232079
3217443
3220321
3216275
3220366
3220288
3198568
3210424
3195610
3217421
3222417
3224407
3226629
3236437
3217847
3224632
3241959
3234087
3209011
3230826
